Polynomial: x^3+4x^2-10

Iteration Count               Root Approximation            Function Value at Root Approximation
1                             1.5                           2.375                         
2                             1.25                          -1.796875                     
3                             1.375                         0.162109375                   
4                             1.3125                        -0.848388671875               
5                             1.34375                       -0.350982666015625            
6                             1.359375                      -0.09640884399414062          
7                             1.3671875                     0.03235578536987305           
8                             1.36328125                    -0.03214997053146362          
9                             1.365234375                   7.202476263046265e-05         
10                            1.3642578125                  -0.01604669075459242          
11                            1.36474609375                 -0.007989262812770903         
12                            1.364990234375                -0.003959101522923447         
13                            1.3651123046875               -0.0019436590100667672        

Total Iterations: 13
Root: 1.3651123046875