Fixed Point Method

Polynomial : e^x+2^-x+2cosx-6
Interval : [1,2]
Tolerance : 1e-20
Initial Guess : 1.5

Iterations Count              Root Approximation            Func. Values at Roots         Asymptotic Constants          
0                             1.5                           1.705651721310185             
1                             1.705651721310185             1.7854582115955937            1.1371011475401234            
2                             1.7854582115955937            1.8141649708267644            1.0467894408268212            
3                             1.8141649708267644            1.8241585607297568            1.0160780907918963            
4                             1.8241585607297568            1.8275954166100095            1.0055086445079127            
5                             1.8275954166100095            1.8287723014523958            1.0018840773791493            
6                             1.8287723014523958            1.8291747049686469            1.0006439526120992            
7                             1.8291747049686469            1.829312225780451             1.0002200402510097            
8                             1.829312225780451             1.8293592151305595            1.0000751818901883            
9                             1.8293592151305595            1.8293752699191894            1.0000256868944766            
10                            1.8293752699191894            1.8293807552258252            1.0000087761815706            
11                            1.8293807552258252            1.8293826293320763            1.0000029984589416            
12                            1.8293826293320763            1.8293832696364625            1.0000010244484347            
13                            1.8293832696364625            1.8293834884017401            1.0000003500111874            
14                            1.8293834884017401            1.829383563144682             1.0000001195841688            
15                            1.829383563144682             1.8293835886812153            1.0000000408569019            
16                            1.8293835886812153            1.8293835974059791            1.0000000139590919            
17                            1.8293835974059791            1.8293836003868655            1.000000004769237             
18                            1.8293836003868655            1.8293836014053093            1.0000000016294486            
19                            1.8293836014053093            1.829383601753269             1.0000000005567142            
20                            1.829383601753269             1.8293836018721523            1.0000000001902059            
21                            1.8293836018721523            1.8293836019127696            1.0000000000649856            
22                            1.8293836019127696            1.829383601926647             1.0000000000222027            
23                            1.829383601926647             1.8293836019313883            1.0000000000075857            
24                            1.8293836019313883            1.829383601933008             1.0000000000025917            
25                            1.829383601933008             1.8293836019335616            1.0000000000008855            
26                            1.8293836019335616            1.8293836019337506            1.0000000000003026            
27                            1.8293836019337506            1.8293836019338152            1.0000000000001033            
28                            1.8293836019338152            1.8293836019338374            1.0000000000000353            
29                            1.8293836019338374            1.829383601933845             1.0000000000000122            
30                            1.829383601933845             1.8293836019338476            1.0000000000000042            
31                            1.8293836019338476            1.8293836019338485            1.0000000000000016            
32                            1.8293836019338485            1.8293836019338487            1.0000000000000004            
33                            1.8293836019338487            1.8293836019338487            1.0000000000000002            
34                            1.8293836019338487            1.8293836019338487            1.0                           

Number of iterations : 34
Root : 1.8293836019338487
CPU Time : 2.2380924224853516